18
63
34
47
53
86
74
77
9
94
79
74
74
84
28
4
24
28
65
85
79
100
84
5
97
40
57
67
46
85
78
47
40
1
56
45
5
71
80
18
96
80
65
52
3
3
40
19
100
54
10
98
68
44
54
88
69
44
76
29
79
26
24
90
17
60
47
13
18
20
22
64
17
9
35
58
66
50
64
99
58
26
85
0
41
35
70
85
83
88
84
83
69
95
70
74
38
30
25
95
29
54
69
11
17
63
3
7
76
60
42
10
51
28
94
49
24
13
98
31
89
44
79
44
17
41
24
59
39
22
94
90
44
93
96
87
5
17
4
92
65
96
79
10
97
1
16
54
82
3
32
28
2
54
86
23
14
2
62
22
53
80
63
2
33
97
34
35
46
25
16
41
1
5
71
28
26
21
22
48
81
51
85
97
30
12
73
73
65
51
67
3
11
40
8
96
27
75
79
24
